100 -1.1460501458473966 11 0.1
200 -1.13144107894822 21 0.1
300 -0.6564510331734539 26 0.1
400 -0.8211633294548172 38 0.1
500 -0.2576795831967307 45 0.1
600 -0.6015010999494715 50 0.1
700 -0.5485600764642791 56 0.1
800 -0.9755920555014135 62 0.1
900 -0.8338394449509516 73 0.1
1000 -0.7298497442059204 79 0.1
1100 -0.6191646175696495 82 0.1
1200 -1.2979119499443743 90 0.1
1300 -1.0781574698978438 93 0.1
1400 -0.9692990728643569 102 0.1
1500 -0.5369320692846995 106 0.1
1600 -0.4240783427464352 114 0.1
1700 -0.894483006179074 123 0.1
1800 0.1263922784642147 127 0.1
1900 -0.2568979439263421 131 0.1
2000 -0.4951842018388228 141 0.1
2100 -0.4284063426471649 149 0.1
2200 -1.1687910386717584 159 0.1
2300 -0.169068314364685 165 0.1
2400 -0.7293262475020339 172 0.1
2500 0.1149660878390982 179 0.1
2600 -0.9315664253519919 187 0.1
2700 -1.5027576078856404 196 0.1
2800 0.08497080806525777 203 0.1
2900 -0.8857178501148509 206 0.1
3000 -1.0584303094813783 211 0.1
3100 0.456519959417488 218 0.1
3200 -1.0124059028810857 222 0.1
3300 0.8617668632165235 228 0.1
3400 -0.5606870415976879 234 0.1
3500 -1.07096397999388 239 0.1
3600 -2.2918668774890403 255 0.1
3700 -1.0292421594966354 268 0.1
3800 -1.0884267465353525 278 0.1
3900 -0.8119448272203782 282 0.1
4000 -0.4963765525948291 284 0.1
4100 -0.814148203319734 291 0.1
4200 -0.5064518367031048 301 0.1
4300 -0.3865511560866932 309 0.1
4400 -0.8608037958656533 317 0.1
4500 -1.1277893855949983 323 0.1
4600 -0.9037028753849498 327 0.1
4700 -1.282301252182522 336 0.1
4800 -0.47551638389698797 344 0.1
4900 -0.203410488590196 354 0.1
5000 -0.9807186543877667 357 0.1
5100 -0.29665270190107984 363 0.1
5200 0.0009683972393534113 366 0.1
5300 0.1483689723142133 376 0.1
5400 -0.29370473753382753 389 0.1
5500 -0.8581965721704392 398 0.1
5600 -0.34701218367498776 404 0.1
5700 -1.2363622005668433 412 0.1
5800 -0.9343470895013561 423 0.1
5900 -1.2012495820350628 434 0.1
6000 -0.9591600106678184 441 0.1
6100 -0.8221805741585393 452 0.1
6200 -0.9198905008100879 457 0.1
6300 -1.0012370737007612 464 0.1
6400 -0.78001359992077 470 0.1
6500 -0.7207573340833059 481 0.1
6600 -0.17560280039597076 489 0.1
6700 0.01240994401108349 492 0.1
6800 -1.077178041797161 496 0.1
6900 0.4103191163481288 503 0.1
7000 -1.0934248975856922 514 0.1
7100 -0.13425927120774378 517 0.1
7200 -0.7398123666702096 522 0.1
7300 -0.6454524985032916 529 0.1
7400 -0.4818515113783701 537 0.1
7500 -1.0378459246785021 541 0.1
7600 -0.2887568678381458 548 0.1
7700 -0.8583665048330219 553 0.1
7800 -0.5393001751964409 560 0.1
7900 0.014034786572979829 565 0.1
8000 -0.7170730591019382 570 0.1
8100 -0.33536475617490774 576 0.1
8200 -0.2646413051284398 582 0.1
8300 -0.8733525857763017 594 0.1
8400 -0.8157710421200309 598 0.1
8500 -1.1378988597647166 607 0.1
8600 -0.07274252911479433 610 0.1
8700 -0.4863584568372458 615 0.1
8800 -0.34759656659131616 622 0.1
8900 -0.613466568312596 625 0.1
9000 -0.5285360658489817 630 0.1
9100 -0.47230276091961104 636 0.1
9200 -0.8509992853088559 641 0.1
9300 -0.7356554482537263 651 0.1
9400 -0.7504552720157258 655 0.1
9500 -0.06387742564443215 664 0.1
9600 -0.14007807449463017 675 0.1
9700 -0.4793825816196382 683 0.1
9800 -0.6979682660908866 688 0.1
9900 -0.7197141629983302 695 0.1
